orb01
  
1478
  
3 5 1 9 7 0 2 4 6 8 
4 3 8 1 2 0 5 6 7 9 
6 9 7 5 8 1 3 2 0 4 
6 1 3 9 5 7 2 4 0 8 
3 1 7 8 2 6 4 0 5 9 
3 1 2 4 8 6 7 0 5 9 
5 3 9 2 1 6 8 0 4 7 
3 8 6 2 4 1 9 0 5 7 
9 3 1 5 4 2 6 8 0 7 
3 2 8 4 5 9 6 0 7 1 
----------------------------------------------------------------
orb02
  
1175
  
1 2 5 3 4 0 6 8 9 7 
3 4 0 2 8 9 1 5 7 6 
9 8 2 5 0 3 4 1 7 6 
1 2 6 3 4 5 9 0 8 7 
5 6 1 7 8 2 3 0 9 4 
9 3 4 2 8 1 0 5 7 6 
8 5 2 4 9 7 1 3 0 6 
2 8 9 1 3 5 4 0 7 6 
8 5 1 9 3 2 7 4 0 6 
9 1 8 7 5 4 3 2 6 0 
----------------------------------------------------------------
orb03
  
1179
  
1 9 5 8 3 0 7 4 2 6 
5 6 7 3 1 4 2 0 9 8 
3 2 9 7 8 1 5 6 0 4 
9 5 8 7 1 3 0 4 6 2 
5 7 3 9 8 1 4 6 0 2 
7 9 5 1 0 4 8 3 2 6 
5 1 8 4 6 3 9 7 0 2 
1 7 9 3 8 5 6 4 0 2 
7 9 5 8 1 4 3 0 6 2 
7 5 9 8 1 4 3 6 0 2 
----------------------------------------------------------------
orb04
  
1236
  
0 8 3 6 7 9 5 2 1 4 
5 0 8 3 7 2 9 6 1 4 
0 9 5 6 7 2 1 8 3 4 
6 0 2 1 9 7 5 8 3 4 
7 0 9 3 6 8 2 4 5 1 
5 0 7 9 4 8 1 6 2 3 
2 0 8 6 7 9 3 5 1 4 
8 6 7 0 9 3 2 4 5 1 
6 8 1 3 2 9 0 5 4 7 
7 8 5 9 6 4 0 1 3 2 
----------------------------------------------------------------
abz5
  
1352
  
8 9 2 1 6 4 7 3 5 0 
5 6 9 3 2 8 7 0 1 4 
3 1 7 8 5 0 6 2 4 9 
9 4 1 8 7 6 3 5 2 0 
0 7 5 1 4 6 3 8 9 2 
1 5 0 2 7 8 3 9 6 4 
8 1 7 0 2 5 9 3 6 4 
6 3 8 9 2 7 5 1 0 4 
2 0 9 1 5 4 6 8 7 3 
2 9 4 0 5 8 1 3 6 7 
----------------------------------------------------------------
abz6
  
1097
  
9 2 4 7 0 6 8 3 1 5 
2 9 4 1 7 3 0 5 6 8 
1 6 2 9 5 7 0 3 4 8 
5 9 4 0 2 3 1 7 6 8 
7 3 4 0 2 5 1 6 9 8 
1 6 7 0 5 3 8 9 4 2 
7 8 2 6 0 3 4 9 5 1 
0 2 4 9 6 8 1 7 3 5 
4 0 3 7 1 8 2 9 6 5 
8 4 5 2 7 3 1 6 0 9 
----------------------------------------------------------------
abz7
  
849
  
11 17 2 0 15 9 12 14 13 3 1 4 6 18 10 16 8 7 19 5 
4 9 13 17 3 1 5 16 19 18 10 2 0 15 11 7 6 14 12 8 
0 17 16 2 12 6 18 11 1 15 7 14 4 13 10 5 3 9 8 19 
16 0 1 6 14 7 2 8 18 12 15 4 9 19 10 11 17 5 3 13 
7 0 15 11 13 6 3 10 2 16 18 8 12 14 9 17 5 4 1 19 
18 7 16 11 17 10 12 15 9 4 13 19 2 6 1 0 14 3 5 8 
1 2 3 6 7 0 4 5 13 16 12 18 15 11 10 17 8 14 9 19 
15 18 2 3 16 4 5 9 0 10 11 13 1 12 17 6 7 19 14 8 
5 13 19 6 8 11 15 7 12 0 4 16 10 17 2 9 18 1 14 3 
15 3 14 0 19 7 11 18 2 6 4 10 17 16 1 8 12 13 5 9 
10 17 18 7 1 2 15 13 4 11 6 16 5 0 3 9 12 14 8 19 
4 11 5 1 8 17 18 2 14 16 15 6 12 0 13 10 19 3 9 7 
17 9 1 12 16 13 6 19 2 10 3 14 18 11 7 15 0 4 5 8 
6 4 8 2 11 1 18 15 12 7 9 10 0 13 16 17 19 14 3 5 
15 14 5 13 18 11 9 7 6 10 17 2 12 0 16 1 4 3 8 19 
----------------------------------------------------------------
abz8
  
929
  
0 10 16 14 6 11 1 8 7 4 2 17 12 5 3 9 19 18 15 13 
9 4 12 11 14 17 1 3 7 2 8 10 5 0 19 15 18 16 13 6 
19 18 0 3 11 8 12 7 5 6 17 10 14 13 4 2 16 1 9 15 
2 11 16 17 8 3 10 18 14 12 1 15 5 7 19 9 4 13 0 6 
1 11 18 8 5 3 17 4 0 13 15 12 7 2 16 10 6 19 9 14 
8 1 19 11 16 13 10 7 17 5 18 2 14 9 3 12 4 0 6 15 
11 8 6 1 17 10 19 5 16 4 0 7 3 18 9 14 12 2 13 15 
9 4 16 18 14 1 13 17 10 5 8 3 11 7 19 2 12 0 15 6 
8 13 2 14 6 7 5 19 17 16 11 12 4 0 15 10 9 3 1 18 
1 0 18 13 14 7 5 8 6 19 9 16 17 2 12 3 11 10 4 15 
5 1 13 7 16 0 6 14 2 11 17 10 8 18 3 9 4 12 19 15 
7 18 17 10 2 13 4 11 1 5 8 14 19 0 16 3 12 6 9 15 
4 19 18 11 5 6 17 13 3 16 8 15 7 0 10 12 14 2 1 9 
7 12 10 0 2 11 17 14 1 3 15 8 5 19 13 4 6 18 16 9 
12 16 4 1 3 9 17 18 5 7 10 2 19 11 8 14 13 0 6 15 
----------------------------------------------------------------
swv01
  
1737
  
13 9 14 5 19 0 1 12 7 18 3 10 11 15 8 2 6 4 16 17 
12 18 19 5 9 0 10 11 15 13 3 17 14 1 7 8 4 2 6 16 
11 19 0 1 3 9 5 7 14 17 15 13 10 12 18 8 2 4 16 6 
9 8 0 12 19 14 13 3 11 1 5 10 7 15 2 18 4 6 16 17 
14 10 7 12 0 9 19 4 1 2 5 11 18 3 13 15 8 6 16 17 
19 0 9 10 5 12 7 1 18 14 8 13 11 4 15 17 3 16 6 2 
0 19 9 14 10 5 11 7 15 1 8 12 18 13 3 6 17 2 4 16 
9 19 0 14 10 12 1 11 15 18 5 13 8 7 3 6 16 4 17 2 
0 9 19 3 5 7 10 14 1 11 8 12 15 13 18 16 4 6 2 17 
0 19 9 5 12 10 1 11 15 18 7 14 4 8 13 17 3 6 16 2 
----------------------------------------------------------------
swv02
  
1706
  
16 12 4 0 15 8 1 9 10 17 18 19 7 3 11 13 2 5 14 6 
17 1 0 12 8 9 4 16 11 7 18 10 19 15 3 13 14 2 6 5 
12 0 3 8 16 4 1 9 17 14 18 19 10 11 2 7 15 6 13 5 
1 19 12 17 7 11 4 16 0 8 14 10 9 3 18 15 13 6 5 2 
8 4 1 15 10 0 12 11 17 9 18 16 19 2 7 3 14 13 6 5 
12 8 4 0 1 9 19 11 17 16 13 10 14 2 7 15 3 5 6 18 
12 4 1 9 0 8 17 10 16 15 7 11 3 2 6 13 5 19 14 18 
1 12 0 8 4 17 9 16 18 7 19 10 13 6 11 2 15 14 3 5 
12 0 4 8 16 1 9 19 10 17 11 13 7 2 15 5 3 6 14 18 
12 0 1 9 4 18 8 16 17 7 3 10 15 19 2 11 13 14 6 5 
----------------------------------------------------------------
swv03
  
1806
  
3 16 0 18 19 7 9 8 17 13 1 2 10 14 12 11 5 15 6 4 
14 17 7 8 0 1 16 12 2 10 19 18 11 15 5 13 3 6 9 4 
9 0 2 15 13 19 1 17 8 7 16 10 18 14 3 12 11 5 6 4 
4 7 10 15 17 16 18 8 0 19 1 2 12 14 3 11 5 13 6 9 
16 8 10 2 14 7 18 17 19 0 1 6 11 5 12 3 15 13 9 4 
7 17 0 10 16 19 8 11 18 2 12 3 15 9 14 1 13 6 4 5 
16 17 7 18 19 10 0 8 14 2 13 11 9 12 1 6 3 15 5 4 
7 0 16 2 10 18 19 17 12 8 11 5 1 13 6 9 14 3 15 4 
7 0 16 17 19 10 14 11 2 5 8 18 1 13 12 6 3 9 15 4 
17 16 7 8 19 0 14 2 10 12 18 1 11 15 13 6 9 3 4 5 
----------------------------------------------------------------
swv11
  
3714
  
12 28 16 6 20 48 32 43 5 31 13 10 35 25 18 17 40 9 47 4 19 26 7 15 29 49 11 41 8 1 21 44 22 39 0 38 14 42 23 30 46 24 34 36 3 33 37 27 2 45 
2 28 38 20 18 35 24 16 31 13 17 41 9 25 10 26 40 34 48 15 47 7 19 4 49 21 44 29 43 12 23 8 11 22 6 42 46 32 36 14 39 0 3 30 33 5 27 37 45 1 
42 9 16 31 18 35 32 10 7 17 25 26 30 47 48 19 49 15 41 11 28 29 20 12 44 8 4 21 43 6 38 39 23 24 14 34 0 46 36 33 3 13 40 5 2 27 37 45 22 1 
45 32 29 9 18 36 47 5 35 10 25 43 6 31 19 15 26 7 40 48 30 21 20 49 12 41 28 4 11 38 44 22 23 42 8 39 0 24 46 14 34 16 33 17 37 3 2 13 27 1 
34 42 12 24 20 14 18 31 32 25 10 35 13 30 43 9 23 19 26 7 40 29 46 48 47 44 41 4 49 11 28 22 6 21 38 8 15 0 36 39 3 33 17 16 2 27 37 5 45 1 
35 31 25 18 10 19 48 47 7 9 41 26 28 49 20 44 8 43 29 23 21 15 11 32 0 42 39 24 14 17 33 12 4 36 6 37 30 46 27 16 13 5 22 38 40 2 1 34 45 3 
35 10 25 31 18 9 48 7 19 29 26 28 41 49 44 20 21 43 15 4 14 11 32 8 24 23 47 30 17 12 13 0 42 27 16 46 33 6 5 37 2 36 38 40 34 45 39 22 3 1 
35 10 31 25 18 48 19 26 47 7 9 41 44 21 11 49 28 20 8 29 23 43 15 38 14 42 24 32 17 12 33 4 0 40 6 27 36 22 13 46 37 5 16 2 1 45 30 34 39 3 
25 18 31 35 10 9 7 19 26 48 29 20 49 4 41 28 12 21 43 15 44 11 8 34 38 24 47 32 17 23 36 42 27 0 33 13 46 2 16 30 40 6 14 37 5 22 1 45 39 3 
35 18 25 31 10 9 19 7 26 48 49 20 28 47 29 41 44 43 38 4 42 21 11 32 23 14 15 24 8 17 36 12 0 33 46 16 13 30 27 40 2 5 6 37 22 34 39 1 45 3 
----------------------------------------------------------------
swv12
  
3759
  
33 13 19 2 3 25 14 44 41 11 46 35 16 23 34 8 40 28 27 45 43 49 5 26 21 38 12 20 22 36 18 29 1 4 47 17 0 39 24 10 7 30 15 9 31 6 32 48 42 37 
23 13 14 47 25 2 19 12 24 31 16 44 40 8 46 28 35 45 18 3 27 5 33 49 43 41 11 22 38 20 26 29 1 36 39 21 34 17 15 7 0 10 30 9 4 48 6 32 37 42 
47 38 45 16 10 35 12 31 44 19 11 5 24 8 49 2 27 40 28 34 18 46 23 20 33 32 43 3 22 25 41 26 36 1 39 42 13 21 17 29 15 4 7 14 0 30 9 48 6 37 
8 16 25 31 19 45 11 23 17 2 40 44 6 49 46 29 18 28 27 33 5 3 35 12 21 36 26 1 22 43 41 13 20 34 38 47 7 39 4 10 15 24 14 0 30 9 48 32 37 42 
43 4 39 25 45 46 28 31 3 11 34 19 47 49 40 32 44 2 35 23 10 8 16 18 33 22 21 27 1 5 12 41 26 20 29 38 36 17 13 15 24 30 0 7 14 9 48 6 42 37 
19 2 46 44 28 8 16 40 27 45 23 25 3 11 49 26 41 22 33 1 13 21 35 17 29 18 36 24 38 43 34 12 39 30 31 47 0 5 7 32 15 10 20 37 48 42 4 6 14 9 
19 44 40 16 8 23 46 2 3 27 28 5 49 25 45 41 22 20 33 1 36 11 18 34 47 13 17 35 38 26 24 39 12 43 29 30 21 0 31 15 6 10 7 32 48 37 42 4 14 9 
19 2 23 40 46 44 28 8 49 27 12 3 25 22 45 16 38 26 41 1 13 33 35 11 18 17 39 47 43 24 29 0 34 4 21 36 30 14 31 5 48 6 10 42 32 7 15 20 37 9 
19 2 44 8 46 23 28 40 49 45 27 11 25 22 3 16 35 18 33 1 41 12 47 13 29 17 7 21 26 24 39 38 34 36 31 43 14 0 10 5 30 15 32 37 48 20 42 4 6 9 
19 44 8 28 2 40 23 46 35 5 3 45 49 27 16 11 25 33 20 22 38 1 26 18 39 41 17 13 21 12 47 43 7 10 31 4 29 24 34 0 36 30 15 42 37 32 48 6 9 14 
----------------------------------------------------------------
swv13
  
3657
  
29 13 27 26 23 14 16 11 7 36 17 42 18 35 49 15 45 1 34 20 31 41 3 8 22 5 2 32 9 28 0 33 43 48 25 10 39 24 44 6 47 4 21 30 12 46 19 37 40 38 
6 18 44 7 43 14 20 15 22 19 46 13 29 42 31 0 26 1 27 17 2 9 35 3 16 28 5 33 41 25 12 24 32 48 10 21 4 45 11 39 47 8 30 49 23 37 34 40 36 38 
26 1 9 11 30 8 15 28 20 37 18 7 46 35 31 29 42 27 17 22 3 24 32 0 2 41 44 16 33 23 4 12 25 10 39 45 13 48 19 6 49 21 14 43 34 5 40 38 36 47 
18 37 17 14 7 43 39 11 25 29 42 47 22 15 1 49 27 10 26 3 20 24 41 35 31 5 2 33 9 28 0 16 32 44 45 4 13 8 6 48 21 19 30 23 12 34 46 40 38 36 
14 31 40 26 49 43 6 12 2 17 7 29 37 15 42 27 20 18 35 32 0 1 34 44 5 41 22 28 3 13 16 45 33 9 10 48 4 25 11 24 21 23 8 39 19 30 46 38 36 47 
18 15 7 29 20 17 42 35 1 27 31 26 28 41 0 3 16 33 25 44 2 24 10 13 48 22 32 39 11 21 6 49 12 23 46 34 14 40 30 43 5 38 45 8 36 47 19 4 9 37 
7 18 15 42 26 29 1 20 22 27 17 35 2 28 31 41 0 33 16 3 25 10 24 11 13 4 49 45 14 44 32 21 6 39 12 43 34 8 23 46 40 47 36 30 48 5 19 38 37 9 
18 7 29 42 15 1 27 20 17 31 35 28 9 33 26 16 0 3 41 10 25 2 32 24 11 44 6 49 13 23 21 19 12 22 37 39 34 45 30 14 5 40 43 46 4 47 8 36 38 48 
7 18 29 42 15 17 27 20 1 3 2 35 26 31 41 28 16 10 0 25 33 32 6 24 22 48 30 44 13 11 21 49 46 12 14 34 43 19 23 4 8 5 40 36 45 38 37 47 39 9 
7 15 18 29 26 27 42 35 20 1 3 17 31 28 16 33 2 41 10 45 13 0 24 25 8 49 22 39 44 32 12 19 14 11 43 21 37 6 34 46 40 36 4 5 30 47 38 48 23 9 
----------------------------------------------------------------
